3 0.8656098203063575 0.3145056702787165 0.8015857068106301 0.2956143021338059 0.7953134204401532 0.3168715012620392 0.8593375339358804 0.33576286940694977
3 0.6539870081726474 0.3239794811043104 0.5605485108727452 0.31744562152051214 0.558583702575528 0.3455436748104212 0.6520221998754303 0.3520775343942194
3 0.8780885218919229 0.378407906707385 0.8211644508662591 0.3323248289512096 0.800373800079113 0.3580064574296524 0.8572978711047767 0.40408953518582774
3 0.8142895052157251 0.28120648833810086 0.6695201733185655 0.2647388286117399 0.6492493889334034 0.44294192250817793 0.7940187208305629 0.4594095822345389
3 0.7538432735729318 0.4570984855639407 0.727072357843981 0.4569880318722147 0.727011443361556 0.4717520153135131 0.7537823590905067 0.47186246900523915
3 0.8480124651411958 0.4641888875619384 0.7612243930922938 0.45812007598635507 0.7596083685242432 0.4812303101562622 0.8463964405731451 0.48729912173184553
3 0.8666710704703269 0.5410648997295333 0.8514095915923605 0.5305448759081094 0.8440655631948519 0.5411989139759233 0.8593270420728185 0.5517189377973473
3 0.8891566920132321 0.5024271558606228 0.8593176300620616 0.4904020334819027 0.8550504898777783 0.5009904879111469 0.8848895518289488 0.5130156102898671
3 0.9635858250082598 0.5030121162826686 0.893091297334298 0.49808265907857197 0.8901382734852701 0.5403128708094225 0.960632801159232 0.5452423280135191
1 0.5826823846423258 0.42366509852987544 0.3158861722931195 0.38200426172048657 0.2753969568864375 0.6412974046047267 0.5421931692356438 0.6829582414141157
3 0.3836961856421093 0.23490604095337542 0.3516117793874957 0.22764833465140116 0.34839389774711615 0.24187374107231352 0.3804783040017297 0.24913144737428777
3 1 0.44066078906250017 0.9671247859375001 0.44066078906250017 0.9671247859375001 0.4642772718750002 1 0.4642772718750002
3 0.6149751779085496 0.2479798721479553 0.5827762572421541 0.2422971131989417 0.5795345983011359 0.26066458576039475 0.6117335189675314 0.26634734470940835