3 0.43107762479318656 0.5287625568154352 0.41144429256608894 0.52669589090255 0.40958675890683666 0.544342466107443 0.4292200911339343 0.546409132020328
3 0.5021666671875 0.5406666671875 0.47327011542025865 0.5382586212068967 0.4716563223168103 0.557624138448276 0.5005528740840518 0.5600321844288794
3 0.6568638508291256 0.4628590290904411 0.6486848404807389 0.4007947626849876 0.5540467429035469 0.4132664476700124 0.5622257532519337 0.4753307140754659
3 0.6234077139574208 0.5324682259099592 0.5883338329023657 0.5108473384769727 0.5793346478052834 0.5254460152734639 0.6144085288603385 0.5470669027064504
3 0.5295196070669335 0.46507843119971903 0.521770588507137 0.4644823537086939 0.5213882361660902 0.4694529413114187 0.5291372547258867 0.4700490188024438
3 0.33538381455563054 0.5449212484905602 0.33189577601115133 0.5289759250922799 0.32126887208768695 0.5313005596931384 0.32475691063216616 0.5472458830914186
3 0.4518266664756251 0.45471333385812507 0.4455266663631251 0.4538133332393751 0.4450066659618751 0.4574533336106251 0.4513066660743751 0.4583533342293751
3 0.6685622622294408 0.4392345912169594 0.6622119482916522 0.43895849229908385 0.6619081765570495 0.4459452849131142 0.6682584904948381 0.44622138383098975
3 0.7690736747803826 0.494103823648286 0.7331789815183263 0.49282186623985635 0.7323622061149846 0.5156915047895931 0.768256899377041 0.5169734621980228
3 0.6897226682756102 0.4933324319534167 0.6528931329400337 0.47510367087729993 0.6418003335832243 0.4975156518219263 0.6786298689188008 0.515744412898043
3 0.7171581038450945 0.4376159023670394 0.7086259928300678 0.4191755343978948 0.6818464833046192 0.4315660544016934 0.6903785943196459 0.450006422370838
3 0.9387241384006206 0.4668103443245578 0.9318620687962156 0.44965517232391694 0.9050804605159873 0.46036781689139605 0.9119425301203925 0.477522988892037
3 0.9275699489502685 0.3928204100260683 0.8564095802769671 0.37047936323542985 0.8202788710010125 0.4855623589696382 0.8914392396743139 0.5079034057602767
3 0.8354295707296068 0.46685198732676375 0.8215691039066846 0.4544010593534673 0.814673767057657 0.4620770002820304 0.8285342338805792 0.47452792825532686
3 0.8237171251072486 0.4214984706836941 0.8209128428467067 0.41629051898718294 0.8141743109307272 0.4199189599972513 0.8169785931912692 0.4251269116937625
3 0.7778321245533117 0.37469792697545895 0.7739476679647002 0.35613885930518757 0.7320765115811094 0.36490259098485367 0.7359609681697211 0.38346165865512505
3 0.807571305031769 0.3788063969235058 0.7868331896848374 0.3694407949269219 0.7816623451617236 0.3808905202302711 0.8024004605086551 0.390256122226855
3 0.8039194923786106 0.33062248858525567 0.7719142237972435 0.32410289868935627 0.7685783670848332 0.3404789272025607 0.8005836356662002 0.3469985170984601
3 0.8274075067434323 0.33328285865612306 0.8272464762504486 0.3250703291781074 0.805921342310391 0.3254884703659721 0.8060823728033748 0.33370099984398777
3 0.7467079990347261 0.34408033563185825 0.7417870359130869 0.3334331617623195 0.7111011095871593 0.34761573393156386 0.7160220727087985 0.3582629078011026
3 1 0.34450000000000003 0.9998333328125 0.33366666718750004 0.9869440761928946 0.33386496407239563 0.9871107433803946 0.3446982968848956
3 0.9988000002977941 0.35109999987867646 0.9907960787465397 0.35048431449351225 0.9903509813740268 0.3562705886817691 0.9983549029252812 0.3568862740669333
3 0.9076061138570047 0.3138946745115816 0.9072108475951485 0.3084927026779492 0.8921775148087207 0.30959270272177314 0.8925727810705769 0.31499467455540553
3 0.9767817619196 0.42648050301872314 0.9765220126491856 0.4205062892803266 0.9686383652550401 0.4208490576760525 0.9688981145254545 0.42682327141444903
3 0.786527624394812 0.3834751380524386 0.779739411474939 0.3831178626305147 0.7794705340542587 0.38822651849913015 0.7862587469741318 0.388583793921054
3 0.9594308943025913 0.40228861846417685 0.9537967473323169 0.4016626021341464 0.9531178856135669 0.4077723576028965 0.9587520325838413 0.4083983739329269
3 1.0050971025689073 0.3055274086948411 0.9667220047721026 0.2859134684884498 0.9573743147341067 0.30420242601598496 0.9957494125309114 0.3238163662223763
3 0.2308155100073721 0.6049677914775388 0.22731988583084575 0.5939815497504443 0.21530862889141086 0.5978033152996594 0.21880425306793727 0.6087895570267539