3 0.89783333359375 0.37433333359375015 0.8645000000000002 0.341 0.8271666664062499 0.37833333359374993 0.8604999999999997 0.41166666718750006
3 0.8442589359612258 0.24455771410987923 0.706875497776819 0.23062587261381834 0.6849877811995823 0.44646307965043536 0.822371219383989 0.4603949211464962
3 0.2830062465963916 0.5958289956449258 0.20687319110062014 0.55422139492112 0.18679522809386975 0.5909597947625793 0.26292828358964127 0.6325673954863851
3 0.6134498426724889 0.5325214781647558 0.6061341854498415 0.4657661161885785 0.5111967365096841 0.4761702217686909 0.5185123937323315 0.5429255837448682
3 0.41645494032087366 0.5291866620955397 0.4152654167596116 0.46899673153351423 0.32798988622636926 0.47072154329058985 0.3291794097876314 0.5309114738526153
3 0.365256301184114 0.4311174999478428 0.3344110571240486 0.3142102192854074 0.12511142411821 0.3694325991505959 0.15595666817827541 0.4863398798130313
3 0.4785901972792132 0.34340527301575435 0.4199280583837293 0.33025686379978725 0.4085231624418972 0.3811402504391256 0.4671853013373812 0.39428865965509263
3 0.577179470971082 0.24924805397479402 0.5694526076774269 0.21788607366488852 0.49325656820671826 0.23665900747488008 0.5009834315003734 0.26802098778478556
3 0.6573243989475175 0.17166641688656967 0.6558375705439979 0.15868144913892154 0.6203260669872545 0.16274765193325771 0.621812895390774 0.17573261968090584
3 0.6189314389941305 0.19289474900202588 0.616447923904418 0.1685563299936706 0.5583858198345701 0.17448104151862293 0.5608693349242826 0.1988194605269782
3 0.9481796195807478 0.1800492234839151 0.9459214164432896 0.17146804902109372 0.935781520191419 0.17413644198160058 0.9380397233288772 0.18271761644442197
3 1.0000000000000002 0.15050000000000002 0.9995 0.11699999999999997 0.9800316995535218 0.11729057164845494 0.9805316995535218 0.15079057164845497
3 0.9699194972721831 0.1421817594040801 0.9445981108346603 0.12485660289295564 0.9227761003390775 0.1567503153825096 0.9480974867766003 0.17407547189363407
3 0.9495666674999999 0.11036666656250035 0.88263333375 0.07689999968750025 0.8687666668749999 0.10463333343750025 0.9357000006249997 0.13810000031250036
3 0.5946666671874999 0.2613333328125001 0.5833333328125 0.2613333328125001 0.5833333328125 0.2688333328125001 0.5946666671874999 0.2688333328125001
3 0.6321094853822189 0.24526103087857068 0.5923051561149343 0.2371192365448433 0.5878044126825979 0.2591228718843121 0.6276087419498824 0.26726466621803946