3 0.30396289440752067 0.6862184621947861 0.2615690458538439 0.6516511702971728 0.21112335283133712 0.713518529664398 0.2535172013850139 0.7480858215620113
3 0.43109036491095915 0.8076142415200632 0.38069101931836136 0.7878631459785332 0.36083433509988605 0.8385319247379567 0.4112336806924839 0.8582830202794867
3 0.8311592834111593 0.7659248312812471 0.8043404907883607 0.7619516783706242 0.8000451904730038 0.79094496682479 0.8268639830958024 0.7949181197354129
3 0.7279968637901671 0.8472418665507396 0.6966986144552225 0.7912843912080127 0.6717344270999435 0.8052474114390774 0.7030326764348882 0.8612048867818043
3 0.8007542590405052 0.7867591260738281 0.7591630260166349 0.7716350316704939 0.7462092472253128 0.8072579005763352 0.787800480249183 0.8223819949796696
3 0.7521361874907019 0.7654702467903846 0.7514216264495316 0.7061615865869542 0.7091546699132125 0.7066708262218759 0.7098692309543828 0.7659794864253063
3 0.783388050262114 0.5092814593518797 0.7538312902340303 0.5084932784686983 0.7526117121083026 0.5542274224536876 0.7821684721363862 0.5550156033368691
3 0.27515954761526806 0.8675438921380986 0.2693707009255066 0.8490195729621766 0.2549080670172721 0.853539143675131 0.2606969137070336 0.872063462851053
3 0.27223076980769234 0.8440128209615384 0.26812564146634615 0.8111717942307692 0.24260769165865384 0.8143615379567308 0.24671282000000003 0.8472025646875
3 0.26457848983851434 0.7828809408458005 0.23788304012604952 0.7645896149634013 0.20576168770445524 0.8114694285854498 0.23245713741692006 0.829760754467849
3 0.25667349015906615 0.8402233686469046 0.17372801275382313 0.8058722061012054 0.14661963667213182 0.8713290066617521 0.22956511407737484 0.9056801692074513
3 0.3966103439032403 0.9375091945296523 0.3588724120554406 0.9343643717894625 0.35726321919389203 0.9536747163004611 0.39500115104169164 0.9568195390406509
3 0.6215608490240231 0.9367967250956749 0.6081999359406842 0.9170225671186797 0.5840466386114799 0.9333423571530759 0.5974075516948187 0.953116515130071