3 0.5538661656007408 0.613469217737326 0.5326525814457377 0.5961255090493849 0.5114802463494302 0.6220219952280145 0.5326938305044333 0.6393657039159555
3 0.6464544372270297 0.5489439817421528 0.6014074792878914 0.46880001585706266 0.494749030451073 0.5287501144770229 0.5397959883902111 0.608894080362113
3 0.7289814018568072 0.6603888337611332 0.6935360012262176 0.5504413972536663 0.5351356033526073 0.6015073042090646 0.5705810039831969 0.7114547407165317
3 0.6232738347059256 0.3284332070801204 0.6209962054834713 0.3090034391647542 0.6009552002718622 0.31135271988267865 0.6032328294943163 0.33078248779804487
3 0.5920460313969819 0.3339228643846567 0.588973714821818 0.29765550988801065 0.5560307692725266 0.3004462057920962 0.5591030858476904 0.3367135602887422
3 0.6389177313106297 0.4125065650736489 0.6098779201161013 0.3171133803374411 0.5317187764255994 0.34090676539083564 0.5607585876201278 0.4362999501270434
3 0.3804807239169028 0.556502709663089 0.36206020278701745 0.4737963102733353 0.27131125982902937 0.4940080814737084 0.2897317809589147 0.5767144808634621
3 0.9275090961590721 0.36822837075626863 0.9042362701314293 0.3495940089457395 0.8745731828109975 0.38664083017151996 0.8978460088386402 0.4052751919820491
3 0.37893732338568337 0.7032518403743142 0.3346465032137396 0.6648623243903663 0.2827844728016701 0.7246966776990487 0.3270752929736139 0.7630861936829966
3 0.56627680493994 0.22838426207819063 0.5645928663039325 0.20801659339386042 0.5313472739909936 0.21076524068582012 0.5330312126270013 0.23113290937015032
3 0.6100883639858642 0.22048481205584589 0.597059885738967 0.19798461909735318 0.5643786078641776 0.2169083376031443 0.5774070861110749 0.239408530561637