3 0.4255129306362576 0.5134433222301733 0.4048117913566925 0.5116354850311657 0.40332347529236834 0.5286778592872661 0.4240246145719334 0.5304856964862738
3 0.49436729375 0.540332925 0.4664611289817978 0.5324554011461 0.4611818720790567 0.5511571931957204 0.4890880368472589 0.5590347170496205
3 0.6647631210914543 0.4307461784757729 0.5691330390275565 0.42574233334621336 0.5658814964060485 0.4878836026457418 0.6615115784699462 0.49288744777530125
3 0.6149451379534772 0.5554189940571858 0.5846411213451816 0.5275029324441617 0.5730217179426437 0.5401162658924844 0.6033257345509392 0.5680323275055085
3 0.5356405977144819 0.4713526449801709 0.5281476875224267 0.4692889375338304 0.5268239279663087 0.474095244497279 0.5343168381583638 0.47615895194361946
3 0.3298368995422215 0.5126856698850606 0.3294554567375135 0.4963677579907494 0.31858023710137795 0.4966219739901182 0.31896167990608604 0.5129398858844294
3 0.46135284928196746 0.446353471336041 0.4553403266266997 0.44426791109883423 0.4541353360371785 0.4477418137412169 0.46014785869244623 0.44982737397842365
3 0.6766275791373337 0.47231229748552234 0.670398534469248 0.4713801999121454 0.6693635845761888 0.47829658860066093 0.6755926292442745 0.47922868617403774
3 0.7652550768840024 0.5455538309153475 0.7302644786974464 0.5374463969202562 0.7250989775912924 0.5597400071731518 0.7600895757778485 0.567847441168243
3 0.6875091604989859 0.5296557252476781 0.6548344988501097 0.5047344725109407 0.6396690986103516 0.5246180765511747 0.6723437602592278 0.549539329287912
3 0.7250717451192398 0.48019779357015063 0.7202149804311924 0.4604682233280723 0.6915632637790983 0.46752132402821067 0.6964200284671458 0.48725089427028906
3 0.9369964258885515 0.5511326435058164 0.9335337919361532 0.5329833159517224 0.9052001688475189 0.5383889688613825 0.9086628027999172 0.5565382964154765
3 0.9395314186709577 0.4755619129556642 0.8734912618061366 0.44083635932954646 0.817352726077139 0.5475991699565876 0.8833928829419604 0.5823247235827054
3 0.8355917243383075 0.531463990019083 0.82436166242085 0.5165971169281132 0.8161283723291657 0.5228163371332124 0.8273584342466233 0.5376832102241822
3 0.8327483277022314 0.48470890435930236 0.8309892929537911 0.4790615562747636 0.8236822275888084 0.4813375593993662 0.8254412623372487 0.486984907483905
3 0.7964937029732307 0.4119773865911712 0.7538074366557478 0.41141418770400834 0.753562803319043 0.42995556624493203 0.796249069636526 0.4305187651320949
3 0.8250451830197921 0.43972043659642673 0.8064751279513717 0.42656988792032174 0.7992145754219875 0.43682260540144185 0.8177846304904082 0.44997315407754684
3 0.8306543878950119 0.3917250023895985 0.8004811417110161 0.37921830526638683 0.7940818817328416 0.394656949443553 0.8242551279168373 0.4071636465667646
3 0.8546472685998507 0.3910005958802277 0.8337058886820593 0.38693000487747486 0.8321158139619683 0.3951102319719145 0.8530571938797598 0.3991808229746672
3 0.7719261525920277 0.3940191238462648 0.769127177919608 0.38262860500522217 0.736298876561758 0.3906954529970884 0.7390978512341776 0.40208597183813105
3 0.936177680716286 0.38956093292306004 0.9209920322307978 0.3886722106425279 0.9206970398002696 0.393712763190846 0.9358826882857578 0.39460148547137824
3 0.9832718461500182 0.5136505979959306 0.9754524648352074 0.5110910460768936 0.973587464749377 0.5167885850542433 0.9814068460641877 0.5193481369732803
3 0.8034972963919781 0.4402880753520783 0.7969019734807573 0.43864211426175526 0.7956632602207887 0.4436056057998816 0.8022585831320097 0.4452515668902047
3 0.9696340660191648 0.4917473994871056 0.9642228837532159 0.49005783850826906 0.9623906978931089 0.4959258076187775 0.9678018801590579 0.497615368597614
3 0.2157929187904851 0.5415148113696016 0.20246693224730086 0.5413531202922575 0.2023358069768256 0.5521599849537254 0.21566179352000986 0.5523216760310695