3 0.6428344965630503 0.3323168535729669 0.49448138605797637 0.3200943824679595 0.4901769784994391 0.3723401390505995 0.638530089004513 0.38456261015560683
3 0.6123365013799227 0.5020759105431458 0.5307439280624278 0.41305638153507307 0.4708123266659089 0.4679878514660912 0.5524048999834038 0.557007380474164
3 0.5445545942379345 0.3097440164141238 0.33273743939484807 0.24557814809326267 0.18890292937463166 0.7203884713695485 0.40072008421771804 0.7845543396904097
3 0.7371605880004116 0.9300697031042763 0.7227609849562321 0.8152809117935298 0.591858165012443 0.8317019283669292 0.6062577680566225 0.9464907196776758
3 0.25692899044092127 0.5011214131555144 0.22368495968801874 0.4376350707293767 0.12737172154582016 0.488068599081337 0.1606157522987227 0.5515549415074746
3 0.8234881144108963 0.6705057737556375 0.8107714681761499 0.6073076533051207 0.7440341570100244 0.6207364510400519 0.7567508032447708 0.6839345714905687
3 0.5344808962552408 0.7972268563563254 0.5182268401857757 0.7395413583046351 0.4413913386805877 0.7611913152569303 0.45764539475005284 0.8188768133086205
3 0.6171142519806654 0.25715672787468136 0.5516399314844213 0.24858067303071163 0.5479319445517437 0.276889485094423 0.6134062650479878 0.28546553993839274
3 0.2340759977679355 0.2865272890968849 0.20947746284339694 0.26014860853490235 0.16823674691385265 0.29860622542450255 0.19283528183839121 0.3249849059864851
3 0.19730789996956402 0.28399016852670106 0.18507668073801914 0.2394004033146003 0.060710312614869436 0.27351478598312473 0.07294153184641432 0.31810455119522546
3 0.6569132401866071 0.43805140199950426 0.6502119072644179 0.40434957231762053 0.5828757838696491 0.41773880918746703 0.5895771167918384 0.45144063886935076
3 0.44601182595115746 0.7866264689736686 0.4111930605943249 0.7493238295121726 0.36725114836406353 0.7903397778033192 0.402069913720896 0.8276424172648152
3 0.13674400529364292 0.5025203186075068 0.12065685056139804 0.4809339371113229 0.0752020487166074 0.514808925873564 0.0912892034488523 0.5363953073697478
3 0.3677335191749561 0.7948907852435535 0.3574350043975523 0.7656879503436391 0.31053182084791586 0.7822285749285018 0.32083033562531965 0.8114314098284161
3 0.595190432807412 0.8361715931165836 0.5381134447627594 0.8262027032830559 0.5323445289126552 0.8592326942354681 0.5894215169573078 0.8692015840689958
3 0.5535247008038182 0.9712891456830848 0.5419478054181814 0.9370851787428351 0.5105866113749802 0.9476998908679238 0.5221635067606171 0.9819038578081735