3 0.19840033935213947 0.3274437486745936 0.1916368821729319 0.30633793221638206 0.1279957238651313 0.32673203778923304 0.13475918104433887 0.34783785424744457
3 0.4360154216090158 0.3456642973611482 0.43243316395230513 0.317904915420529 0.33945341704440424 0.32990364835314034 0.34303567470111485 0.35766303029375945
3 0.19662530205616952 0.37578015262833386 0.1816800506428506 0.3475992648551388 0.1137773123055883 0.3836103197328517 0.12872256371890725 0.41179120750604675
3 0.3528202270439622 0.437762112307076 0.30539468458207664 0.2636990413722634 0.16779640253622036 0.30118932080259797 0.215221944998106 0.4752523917374106
3 0.27248895509881166 0.4791235428425784 0.2714651514261911 0.46451170766533634 0.24448098942979168 0.4664023999582202 0.24550479310241222 0.48101423513546226
3 0.23935935281758897 0.49136099618810486 0.23778354212366376 0.4678414034292828 0.15104023151046192 0.47365319778696724 0.15261604220438713 0.49717279054578933
3 0.15582705175392814 0.5576779875022503 0.15383608836734605 0.5449796696555411 0.1355634441909988 0.5478446290911388 0.13755440757758086 0.560542946937848
3 0.14496952001712446 0.5143420152241047 0.14122996601486978 0.5032452560088384 0.11066732349833704 0.5135447182144294 0.11440687750059171 0.5246414774296957
3 0.11150628818982851 0.5539039415196252 0.10708124846701228 0.5118025145329935 0.036801700407914986 0.5191891950833184 0.04122674013073121 0.5612906220699501
1 0.7247076650080062 0.6370683981199441 0.68488079326345 0.37807198462735614 0.41646465990506326 0.4193473628199583 0.4562915316496194 0.6783437763125464
3 0.6422943629775616 0.23481212323581105 0.6376721525023981 0.2212216076537823 0.6066738856187804 0.23176429185414033 0.611296096093944 0.24535480743616905
3 0.03133187968750006 0.4578050765625 5.616079981603145e-17 0.4578050765625 5.761869705426778e-17 0.4816143453125 0.03133187968750006 0.4816143453125
3 0.41227482664724624 0.2627855109204008 0.4075077563621424 0.24467399176307855 0.3759902825439959 0.2529695969850889 0.3807573528290996 0.2710811161424111