3 0.5498733335488676 0.6152799980722207 0.5292779591001735 0.5972065099886877 0.5072147453939154 0.6223483169117219 0.5278101198426095 0.6404218049952548
3 0.6446571003906626 0.554025353975524 0.6024345686787107 0.47235809204859364 0.49374886473759655 0.5285493426551755 0.5359713964495484 0.6102166045821058
3 0.7232444235981665 0.6682824650200578 0.6916577254528421 0.5571649781932824 0.531571645181063 0.6026716832062904 0.5631583433263876 0.7137891700330659
3 0.6291863331366297 0.3328399169792765 0.6275881820447183 0.31334249703088746 0.6074773972365326 0.3149909239912481 0.609075548328444 0.33448834393963717
3 0.59778596812236 0.3372363934275993 0.5959812340902163 0.30088390986606134 0.562960962226864 0.30252321487479755 0.5647656962590076 0.3388756984363355
3 0.6418865834867737 0.41740802284102696 0.6161936372990144 0.32105947463692946 0.5372517288122408 0.3421106502334025 0.5629446750000001 0.4384591984375
3 0.37858161619255004 0.5522971273104239 0.3630587275683296 0.468998242435255 0.27165968537194235 0.4860306091290122 0.28718257399616276 0.5693294940041811
3 0.9318474341498625 0.3832284960700264 0.9092391164129243 0.3637932743198338 0.8783011803179303 0.399782299726955 0.9009094980548686 0.4192175214771476
3 0.37157011416487085 0.6960080457596989 0.32690689628771596 0.6582160921713365 0.27567471212284494 0.718763218911638 0.3203379299999998 0.7565551725000003
3 0.5757156820986223 0.23086275081743152 0.5747435915321517 0.21044872133386314 0.5414223260465422 0.2120354383447059 0.5423944166130128 0.23244946782827425
3 0.6201078429227941 0.22356862674632344 0.6068431374999997 0.20146078437499998 0.5746862739889705 0.22075490248161778 0.5879509794117648 0.24286274485294124