3 0.5870013949550341 0.5505856505821141 0.5864976241192509 0.5328899180637314 0.566793667448605 0.5334508600145603 0.5672974382843882 0.5511465925329431
3 0.5241439515166155 0.5403824350651363 0.4950036918022029 0.540166961253721 0.49486070881738947 0.5595037023863724 0.5240009685318021 0.5597191761977878
3 0.4524419110912074 0.4103796544799823 0.3587752538716075 0.3904621099837786 0.3458326580980805 0.45132752851375163 0.4394993153176804 0.4712450730099553
3 0.41907305328854605 0.5197631469682907 0.41102648772079275 0.5045710305252323 0.37464090013844775 0.5238428033094876 0.38268746570620105 0.5390349197525459
3 0.48077865261877495 0.463083808004488 0.4730226261215872 0.4630298370680751 0.472987692337008 0.4680500827197457 0.48074371883419575 0.4681040536561586
3 0.6768273900854714 0.546250390405276 0.6693708392238096 0.5391469587433522 0.6574727449520237 0.5516365200310283 0.6649292958136855 0.5587399516929522
3 0.5577396381240842 0.4614546044162872 0.5576171833546228 0.45777513810148085 0.5513438092930386 0.4579839196226936 0.5514662640625 0.4616633859375
3 0.34249614318989846 0.4336565319448741 0.34125731106585483 0.4269947625869473 0.3350655079983575 0.4281461991098345 0.3363043401224012 0.43480796846776126
3 0.26788975205562304 0.47657360761407785 0.2319930714985663 0.47534855697763695 0.23121255320340164 0.4982194613117336 0.2671092337604584 0.4994445119481745
3 0.35875575307044455 0.4869004274705756 0.3485731586279731 0.46381217479662407 0.31112684703339594 0.48032709299847587 0.3213094414758674 0.5034153456724274
3 0.3233410530988598 0.41858201280574986 0.2961459513514157 0.40543456035483166 0.2874573163297215 0.4234067351425702 0.3146524180771656 0.4365541875934883
3 0.09729038099293448 0.43644839029154153 0.07610629790677256 0.41921154924838494 0.06319618988618007 0.43507807608325055 0.08438027297234199 0.45231491712640715
3 0.18252029433656852 0.46145872014174294 0.15030982710415527 0.3453307991470812 0.07858301750426189 0.3652257049588292 0.11079348473667512 0.481353625953491
3 0.18846140530761638 0.440637395642652 0.18267364342248002 0.4322099090266788 0.16735745831891694 0.4427286361878798 0.17314522020405326 0.451156122803853
3 0.19202451093750006 0.39810182968749996 0.18500268085913912 0.39456238879189565 0.18249427562836723 0.3995387666486431 0.18951610570672817 0.4030782075442475
3 0.27776853736049956 0.34874247832130645 0.23639100272815802 0.33823846659663975 0.23182843782608983 0.35621137944138653 0.27320597245843137 0.36671539116605323
3 0.22713934781164422 0.36209002415601793 0.22324109872057055 0.3499494468513061 0.20167094112081524 0.35687546405354625 0.20556919021188888 0.3690160413582581
3 0.24336405657919274 0.3212409554220927 0.2403630953502666 0.3042844286443033 0.20851986485430302 0.3099200344127745 0.21152082608322922 0.3268765611905639
3 0.20693768523274877 0.30443174794277755 0.18565980753558006 0.3028953068014503 0.1850606159920674 0.31119339518056477 0.20633849368923612 0.312729836321892
3 0.29997129865052763 0.3310816996675373 0.26889835078436275 0.3192308421890246 0.2643656750493969 0.3311155177968608 0.2954386229155618 0.34296637527537355
3 0.02594607822298437 0.3013028433478293 0.012987062500000035 0.29920523593750004 0.01126075567551651 0.3098703571470333 0.024219771398500844 0.31196796455736264
3 0.020852414387873885 0.31664557481499106 0.012826530331392149 0.3165897260529701 0.012786092599661517 0.322400930001506 0.020811976656143254 0.32245677876352696
3 0.12216667465774318 0.2835048580032099 0.10726844664529427 0.2804329623742997 0.10624879666121385 0.28537811018881365 0.12114702467366276 0.28845000581772384
3 0.03802572841808944 0.38839008659830876 0.030218270381833962 0.3874296865840281 0.029484601950167316 0.3933939571042167 0.03729205998642279 0.39435435711849737
3 0.22913262598600745 0.36882245509502626 0.2290451940598394 0.3637485453239797 0.22217296516527596 0.36386696528736734 0.22226039709144402 0.3689408750584139
3 0.0544355563742414 0.37637020591442205 0.054129599097126155 0.3702087234537908 0.04847055396994015 0.370489731482175 0.0487765112470554 0.3766512139428063
3 0.0574180982448901 0.2730742576412376 0.04949542242657068 0.25400849546030585 0.00971198287993611 0.2705402916441965 0.017634658698255534 0.2896060538251283
3 0.7768269397699521 0.6171350207013393 0.7646042019897733 0.6131550657558014 0.7611373868031401 0.6238019131544299 0.773360124583319 0.6277818680999677