3 0.49292371227767634 0.6218450159880929 0.4703072145655022 0.5970745694784051 0.4501288657649093 0.6154982817560815 0.47274536347708346 0.6402687282657693
3 0.5057560479768604 0.5177259625998579 0.39177138719517196 0.47109587078646287 0.35697669495245576 0.5561495568945813 0.47096135573414416 0.6027796487079764
3 0.46816154034985163 0.6009077043021476 0.30730769911705014 0.557038462412168 0.27691538335669375 0.668476921874815 0.4377692245894952 0.7123461637647945
3 0.39623430450399655 0.3272124484936484 0.38219886725479546 0.3118076991191633 0.36816621628704277 0.3245930023597371 0.38220165353624386 0.33999775173422225
3 0.4367768890068347 0.3024110748665837 0.40368317071239995 0.3010873283686318 0.40222736911204865 0.33748242979413423 0.43532108740648334 0.33880617629208615
3 0.4655802577091829 0.34604693649809143 0.3988106544307528 0.30847790583034806 0.34642666865152105 0.4015774052439783 0.41319627192995123 0.4391464359117216
3 0.7285971545358668 0.486527521642189 0.6385564580722923 0.4677364195162161 0.6210110623451438 0.5518081062331909 0.7110517588087183 0.5705992083591639
3 0.12175663569119229 0.3993933310770382 0.0900479284155867 0.36399040559014306 0.06780288663672977 0.38391422568123945 0.09951159391233536 0.41931715116813456
3 0.7243142214438216 0.7181287347257579 0.6716131037138584 0.6589213041317131 0.6282099905716494 0.6975548430744507 0.6809111083016127 0.7567622736684956
3 0.4589845248305724 0.21294308762634384 0.42551109767234385 0.21000682116856542 0.42374516348346586 0.23013846463063564 0.45721859064169446 0.23307473108841412
3 0.4250713827084482 0.22134741284398993 0.3934564498690479 0.20144171585320697 0.37977963367244694 0.22316371964501455 0.41139456651184725 0.24306941663579754