3 0.495819662205924 0.37270711344701773 0.4876928130682397 0.32113670652623216 0.34067818567509195 0.344304367384371 0.3488050348127762 0.3958747743051566
3 0.5268142619019718 0.46813703135557516 0.46420371804619337 0.4156163810904515 0.38624108729352585 0.5085566376792621 0.4488516311493044 0.5610772879443856
3 0.8326156079232245 0.6860577279337939 0.6382117638010634 0.22947625257403761 0.4350387522038911 0.31598351712138956 0.6294425963260523 0.772564992481146
3 0.4421771354034427 0.8385275492468489 0.3105142890390492 0.8379843236212714 0.3100358552785259 0.9539434163838016 0.44169870164291947 0.9544866420093792
3 0.8691428566188962 0.44824409635969775 0.7663126747692355 0.41089319201827257 0.7421631339802246 0.4773789094247343 0.8449933158298855 0.5147298137661596
3 0.26739899993482974 0.6424194302467596 0.1988833396422371 0.6405923300173056 0.1971772092624075 0.7045716605624179 0.26569286955500016 0.7063987607918719
3 0.5850471729413211 0.7534201479438917 0.5065025605316157 0.7408507370145052 0.49703821779785284 0.7999921825374664 0.5755828302075583 0.8125615934668527
3 0.42889027949361297 0.28321601717495015 0.42284430194014727 0.2559028817427579 0.3583945647392119 0.27016933845956315 0.3644405422926775 0.2974824738917555
3 0.8087781015733622 0.2654200619897466 0.7641693644441019 0.23112544688755737 0.7422000788992589 0.2597020056524639 0.786808816028519 0.2939966207546531
3 0.9134660831456676 0.2312967578945313 0.7868955464372368 0.20583025078860534 0.7778218752717675 0.2509271077918974 0.9043924119801983 0.2763936148978233
3 0.4079834024555177 0.4245706487572131 0.338663034112912 0.4232527440901827 0.33802087172877376 0.45702979497849333 0.4073412400713794 0.45834769964552374
3 0.6596456663534122 0.7707214036036448 0.6074255734006957 0.7406859071413527 0.5819757871111977 0.7849332265533302 0.634195880063914 0.8149687230156223
3 0.924029778296827 0.4693449539381362 0.8741239968648703 0.44216474024141394 0.8613642624298785 0.4655929783320989 0.9112700438618353 0.49277319202882114
3 0.7176809475152524 0.7605322204537336 0.6691028386780979 0.7500912784868704 0.6625771972914872 0.7804528415064813 0.7111553061286416 0.7908937834733445
3 0.5046606177044649 0.8616118540195211 0.49700705463210404 0.8292600753329783 0.4407574655337861 0.8425672193428818 0.4484110286061469 0.8749189980294247
3 0.5358540807478321 0.9460189572506075 0.503558234774135 0.939270523415642 0.4961574851953663 0.9746881439081807 0.5284533311690635 0.9814365777431464