3 0.8089601632954182 0.6888323359809289 0.7731638067420492 0.6152608200630062 0.7247119773669117 0.6388351468705485 0.7605083339202806 0.7124066627884712
3 0.6901729493815008 0.8129823895202268 0.6643141267772125 0.7661303784129359 0.616228547908228 0.7926700385984958 0.6420873705125164 0.8395220497057869
3 0.24900324422957887 0.8346159272386611 0.2413197987501788 0.8066071955130456 0.21490852372370797 0.8138524215266795 0.22259196920310803 0.841861153252295
3 0.37818027989562225 0.8283954400291711 0.35131340820192586 0.8184517809332095 0.3290569712096988 0.8785866700377497 0.3559238429033952 0.8885303291337113
3 0.3047162270517084 0.8414648894822777 0.28581722711614704 0.8085796679484885 0.24773418096491576 0.8304658360565119 0.2666331809004771 0.8633510575903012
3 0.33467308542323415 0.7951793162060496 0.3246278941867372 0.7363524047922018 0.28349932801701705 0.7433754543205253 0.29354451925351405 0.8022023657343732
3 0.2583634450080285 0.5937883057629955 0.2511935293356952 0.5485192581257655 0.22189210943289642 0.5531601489937659 0.2290620251052297 0.5984291966309958
3 0.7977373936041298 0.8124074740308787 0.7830921317974298 0.8082456930219342 0.7778495784373357 0.8266941808998791 0.7924948402440357 0.8308559619088236
3 0.8042920530241254 0.7707978434112424 0.7785470215331706 0.7699550453376359 0.7774490733983954 0.8034941695839313 0.8031941048893503 0.8043369676575376
3 0.8396183700863806 0.7603930407848776 0.7982161652303488 0.7218734575128221 0.776215743969428 0.7455202851934434 0.8176179488254599 0.7840398684654989
3 0.9073581159515497 0.8107341362545946 0.8660437454778741 0.7529524060010729 0.7934073212635078 0.8048879940616691 0.8347216917371835 0.8626697243151907
3 0.7117055525324625 0.9270961866193226 0.7081377899100919 0.9082785967112686 0.6706315609710415 0.9153896732289659 0.6741993235934121 0.9342072631370198
3 0.4847651689248872 0.9416753339656744 0.45872047541014105 0.9287578082643432 0.44809908708361557 0.9501729623783352 0.4741437805983619 0.9630904880796664