3 0.8517797833893315 0.2894538731024138 0.7865938336882408 0.27507461982228465 0.7818196534881635 0.2967175705599449 0.8470056031892543 0.3110968238400741
3 0.6413333328124999 0.3136666671875001 0.5476666671875 0.3136666671875001 0.5476666671875 0.3418333328125001 0.6413333328124999 0.3418333328125001
3 0.8686856816036078 0.3523299774062625 0.8086856821608943 0.3103299769927918 0.7897371355602949 0.33739932876145406 0.8497371350030084 0.37939932917492475
3 0.8078666670937507 0.2661000006562505 0.6660466660000007 0.2458400004999998 0.6405333327499999 0.42443333324999977 0.7823533338437498 0.44469333340625045
3 0.7510684090986058 0.45465552031372763 0.7507824743033423 0.44007289132600835 0.7236099157994814 0.4406056882557753 0.7238958505947448 0.45518831724349457
3 0.8446666671875 0.4400000000000002 0.7576666671875001 0.4400000000000002 0.7576666671875001 0.4631666671875002 0.8446666671875 0.4631666671875002
3 0.8686424201095184 0.5153871862732766 0.8526842766867062 0.5059573767235581 0.8461013270778727 0.5170977559060888 0.8620594705006848 0.5265275654558071
3 0.888378036514698 0.4752750452413297 0.8577728305339359 0.465360682285175 0.8542546975484695 0.47622100535021633 0.8848599035292317 0.486135368306371
3 0.9626666671875 0.4706666671875002 0.892 0.4706666671875002 0.892 0.5130000000000001 0.9626666671875 0.5130000000000001
1 0.5771561214572045 0.41808341468130494 0.30810369749525784 0.3951348242367518 0.28580048684743514 0.6566207268863801 0.5548529108093818 0.6795693173309332
3 0.3654874760525169 0.24366474018492185 0.3329749534733504 0.23866281092891278 0.33075722578211164 0.2530780331252724 0.3632697483612782 0.25807996238128145
3 1.0042453514698895 0.41000286221098714 0.965745351610716 0.40083619271326726 0.9607310435349259 0.4218962800503082 0.9992310433940995 0.43106294954802793
3 0.5971150691322539 0.240573516964692 0.5645981739511108 0.23715068378187185 0.5626456613849048 0.2556995417203335 0.5951625565660479 0.2591223749031536