3 0.6485995439569537 0.33740386289066115 0.500763365731232 0.32001137732934903 0.49463822568193416 0.37207508569313474 0.6424744039076559 0.38946757125444686
3 0.6121956208031629 0.505995131612024 0.53375948600146 0.41418229260039074 0.4719473144749564 0.46698871782839724 0.5503834492766594 0.5588015568400305
3 0.5511672889060004 0.31141484644046363 0.34171852221214055 0.2398957553742675 0.18140099424197534 0.709397087286894 0.3908497609358352 0.7809161783530901
3 0.7220069010249123 0.9380845003121904 0.7116221396475025 0.8228630971768947 0.5802259765812126 0.834705669496105 0.5906107379586223 0.9499270726314007
3 0.2561005210755498 0.49793808046201804 0.23166144160709842 0.43195255558696066 0.12797687969291133 0.47035423918454355 0.1524159591613627 0.5363397640596009
3 0.8173404893947016 0.6816914786892849 0.8068371710455716 0.6180880518201891 0.7396718558233644 0.6291795719241363 0.7501751741724944 0.6927829987932321
3 0.5240868267912349 0.7982491498228009 0.5098558583602657 0.7400315351570168 0.4323115897959692 0.7589867954210494 0.44654255822693845 0.8172044100868335
3 0.6255180137965644 0.2613918842391804 0.5603828760317765 0.25053604490732573 0.5556891910210469 0.2786981989750728 0.6208243287858346 0.28955403830692744
3 0.24150086798634202 0.2768125387052732 0.21688648765829202 0.25005777049962785 0.17566031100887913 0.2879858431228063 0.20027469133692916 0.3147406113284517
3 0.2050309262667039 0.27355795476451644 0.19436331821399672 0.22856848810083327 0.06888213614127689 0.2583217652034202 0.07954974419398408 0.30331123186710335
3 0.6577526056521668 0.44830479175746196 0.6575258836413747 0.4145233162995437 0.5878668284173869 0.4149908281786484 0.588093550428179 0.44877230363656667
3 0.43604159470425313 0.7845677036334318 0.40254588345578013 0.7460726308182374 0.3571993031454495 0.7855300431336387 0.3906950143939225 0.8240251159488331
3 0.13687733287600629 0.4898413326636063 0.12155333317221872 0.46770666708990627 0.07494400021256875 0.4999746678007938 0.0902679999163563 0.5221093333744938
3 0.3575225532505335 0.7900951098390787 0.34824947404198303 0.7605506509956694 0.30079760402400957 0.7754443050511631 0.31007068323256004 0.8049887638945725
3 0.5827122129071386 0.836705401483582 0.5255827662655019 0.8287707536371112 0.5209650510712565 0.8620182926458222 0.5780944977128931 0.8699529404922929
3 0.5370443421404842 0.9728700291604637 0.5266681938818413 0.9382828737025637 0.4949556568704104 0.9477966362925182 0.5053318051290534 0.9823837917504182