3 0.855614463444083 0.28182157919580103 0.8152072146063208 0.25754244582279806 0.788014582420354 0.30279856919472553 0.8284218312581162 0.3270777025677285
3 0.8032140810804197 0.3835827047950936 0.7722358915684627 0.16886166726424987 0.6355629105077232 0.18857972357186953 0.6665411000196801 0.40330076110271323
3 0.31263502026553525 0.6454780055726873 0.22869765293343072 0.6235245805074685 0.21810391381527028 0.6640289924222322 0.30204128114737483 0.6859824174874509
3 0.6179475557066093 0.5041094484054011 0.5946996187333197 0.44110682391671985 0.5050992006610635 0.4741693334396119 0.5283471376343531 0.5371719579282931
3 0.42599747882749595 0.5485310713377685 0.41028202532923663 0.4904168110267045 0.3260162207722381 0.5132042529716002 0.34173167427049755 0.5713185132826641
3 0.3525945791121249 0.46576105397148887 0.29438313860908816 0.35978855943116417 0.10466010347717267 0.4640047640184267 0.16287154398020945 0.5699772585587515
3 0.4426018680325017 0.40535190704776464 0.4413246467535396 0.353218913191443 0.3812348502149358 0.35469107047822995 0.3825120714938978 0.4068240643345516
3 0.5142245244581011 0.23802505308168415 0.49914003126471884 0.20946395606618048 0.42974892592088787 0.24611274640053268 0.4448334191142701 0.2746738434160364
3 0.5732201086757283 0.14335911005368934 0.568636096680122 0.13111954752270474 0.53516314034622 0.14365597870433972 0.5397471523418261 0.15589554123532434
3 0.5388871847518838 0.1769312029473839 0.533760539445561 0.15219721887169607 0.47749561963010656 0.16385932256675156 0.48262226493642935 0.1885933066424394
3 0.8574636708571571 0.08112866657476388 0.8531965729195212 0.07334869720180248 0.8440034165593742 0.07839088910053697 0.8482705144970101 0.08617085847349837
3 0.9005961609374997 0.039920695312499976 0.8920066296874998 0.007536750000000048 0.8731869156685734 0.012528498847205327 0.8817764469185734 0.04491244415970526
3 0.8693968121024387 0.03912667376640586 0.8406362431781952 0.028441947431024774 0.8271782293097347 0.06466750186245492 0.8559387982339783 0.075352228197836
3 0.8419517819978676 0.01318042120620595 0.7689103322445209 -0.0030995009762798007 0.7621648667818683 0.027164684019845377 0.835206316535215 0.04344460620233113
3 0.535852642015465 0.2529633168536785 0.5345063007875037 0.24558984111604087 0.5233590514345523 0.24762524503086425 0.5247053926625135 0.2549987207685019
3 0.5678588526479005 0.24188507566240797 0.5656121276333268 0.21919994314354324 0.5253924014223514 0.22318328619354996 0.527639126436925 0.24586841871241472