3 0.3548363570187051 0.7281126459922292 0.305339201998575 0.7048281512240002 0.2713590318217808 0.7770617026749906 0.3208561868419109 0.8003461974432197
3 0.5075426692722146 0.8151232081467373 0.4537904237977043 0.8082467527288667 0.44689295375158855 0.8621632664763954 0.5006451992260988 0.8690397218942663
3 0.8885018771434575 0.7070822358517129 0.8856554765890043 0.6779110458557901 0.8586721228020059 0.6805439666653647 0.8615185233564591 0.7097151566612875
3 0.8052297933653934 0.7817698644982193 0.7613238966708098 0.7350462985149249 0.7404792127261838 0.7546339417233053 0.7843851094207674 0.8013575077065997
3 0.8613970039790223 0.7056937613362415 0.8179788986823073 0.7001393541929686 0.8131406665201808 0.7379592093182051 0.8565587718168958 0.7435136164614781
3 0.8099996699988721 0.6949927512306577 0.7928915684281521 0.638907807675205 0.7515910227152718 0.6515060896059608 0.7686991242859917 0.7075910331614135
3 0.7870963408887037 0.4851186728022817 0.7772156023350805 0.4404479864217886 0.748346127216498 0.446833644645111 0.7582268657701213 0.49150433102560404
3 0.3707551836169437 0.9110200988601997 0.3606568546577663 0.8944464778564549 0.3477172041946533 0.9023306238112685 0.3578155331538307 0.9189042448150133
3 0.3622207233444633 0.8888965335450105 0.35029257026324717 0.8580241459297614 0.3263042823097755 0.8672924919492306 0.3382324353909917 0.8981648795644798
3 0.3400066083685696 0.8314317866259199 0.3096790553017614 0.8201420052869917 0.2898530982139658 0.8734001462225602 0.320180651280774 0.8846899275614885
3 0.3462088095434718 0.888983290139364 0.2574168685259279 0.8757188314171437 0.24694916059591093 0.9457893955144148 0.3357411016134548 0.9590538542366349
3 0.509306967718212 0.967754995262933 0.5052384956456457 0.9490392742836212 0.4679353113760684 0.9571483374389403 0.4720037834486347 0.9758640584182521
3 0.7236206635719744 0.8944137653453124 0.7058728270521377 0.8784592813139845 0.6863850991433484 0.9001375134892852 0.704132935663185 0.9160919975206131